BUSY
1 -> 1.971722e-04   0.000197
4 -> 2.729893e-04   0.000272
8 -> 6.339550e-04   0.000633
16 -> 6.370544e-04  0.000637
32 -> 1.743078e-03  0.001740
64 -> 2.618790e-03  0.002610
128 -> 4.881859e-03 0.004880
256 -> 6.267071e-03 0.006260
512 -> 9.740829e-03 0.009740

MUTEX
1 -> 2.989769e-04   0.000298
4 -> 2.908707e-04   0.000290
8 -> 4.680157e-04   0.000468
16 -> 6.389618e-04  0.000638
32 -> 1.915932e-03  0.001915
64 -> 2.904892e-03  0.002904
128 -> 4.585028e-03 0.004585
256 -> 6.198883e-03 0.006198
512 -> 9.525061e-03 0.009525

BUSY
1 -> 7.414818e-05   0.000074
4 -> 2.849102e-04   0.000284
8 -> 2.921820e-03   0.002921
16 -> 8.320808e-04  0.000832
32 -> 1.458290e-01  0.145829
64 -> 1.404603e+00  1.404603
128 -> 7.425796e+00 7.425796
256 -> 9.132862e-03 0.009132
512 -> 2.374782e+01 20.37478

1 -> 7.414818e-05   0.000074
4 -> 2.849102e-04   0.000284
8 -> 2.921820e-03   0.002921
10 ->3.879070e-04   0.000387
25 ->1.142025e-03   0.001142
50 ->1.771927e-03   0.001771
100->3.681183e-03   0.003681
500->1.540417e+01   15.40417

MUTEX
1 -> 1.080036e-04   0.000108
4 -> 2.009869e-04   0.000200
8 -> 3.178120e-04   0.000317
16 -> 5.919933e-04  0.000591
32 -> 1.137972e-03  0.001137
64 -> 2.238989e-03  0.002238
128 -> 4.661083e-03 0.004661
256 -> 9.823799e-03 0.009823
512 -> 2.093816e-02 0.020938

1 -> 7.414818e-05   0.000074
4 -> 2.849102e-04   0.000284
8 -> 2.921820e-03   0.002921
10 ->3.819466e-04   0.000381
25 ->9.520054e-04   0.000952
50 ->1.952171e-03   0.001952
100->3.648996e-03   0.003648
500->2.135801e-02   0.021358

